function mpc = sistema300_caso2B
%CASE300    Power flow data for IEEE 300 bus test case.
%   Please see CASEFORMAT for details on the case file format.
%   This data was converted from IEEE Common Data Format
%   (ieee300cdf.txt) on 18-Nov-2014 by cdf2matp, rev. 2393
%   See end of file for warnings generated during conversion.
%
%   Converted from IEEE CDF file from:
%       http://www.ee.washington.edu/research/pstca/
% 
%  13/05/91 CYME INTERNATIONAL    100.0 1991 S IEEE 300-BUS TEST SYSTEM

%   MATPOWER
%   $Id: case300.m 2428 2014-11-18 21:36:40Z ray $

%% MATPOWER Case Format : Version 2
mpc.version = '2';

%%-----  Power Flow Data  -----%%
%% system MVA base
mpc.baseMVA = 100;

%% bus data
%	bus_i	type	Pd	Qd	Gs	Bs	area	Vm	Va	baseKV	zone	Vmax	Vmin
mpc.bus =[
    1       1	90      49      0       0       1       1.0284  5.95    115     1   1.06    0.94;
	2   	1	56      15      0   	0       1   	1.0354	7.74	115 	1	1.06	0.94;
	3   	1	20  	0       0   	0   	1   	0.9971	6.64	230 	1	1.06	0.94;
	4   	1	0       0       0   	0   	1   	1.0308	4.71	345 	1	1.06	0.94;
	5   	1	353     130     0   	0   	1   	1.0191	4.68	115 	1	1.06	0.94;
	6   	1	120     41      0   	0   	1   	1.0312	6.99	115 	1	1.06	0.94;
	7   	1	0       0       0   	0   	1   	0.9934	6.19	230 	1	1.06	0.94;
	8   	2	63  	14      0   	0   	1   	1.0153	2.4     115 	1	1.06	0.94;
	9   	1	96  	43      0   	0   	1   	1.0034	2.85	115 	1	1.06	0.94;
	10  	2	153 	33      0   	0   	1   	1.0205	1.35	230 	1	1.06	0.94;
	11      1	83      21      0   	0   	1   	1.0057	2.46	115 	1	1.06	0.94;
	12  	1	0       0       0   	0   	1   	0.9974	5.21	230 	1	1.06	0.94;
	13  	1	58      10      0   	0   	1   	0.9977	-0.55	115 	1	1.06	0.94;
	14  	1	160     60      0   	0   	1   	0.9991	-4.81	115 	1	1.06	0.94;
	15  	1	126.7	23      0   	0   	1   	1.0343	-8.59	115 	1	1.06	0.94;
	16  	1	0       0       0   	0   	1   	1.0315	-2.65	345 	1	1.06	0.94;
	17  	1	561     220     0   	0   	1   	1.0649	-13.1	115 	1	1.06	0.94;
	19  	1	0       0       0   	0   	1   	0.982	1.08	230 	1	1.06	0.94;
	20  	2	605     120     0   	0   	1   	1.001	-2.46	115 	1	1.06	0.94;
	21  	1	77      1       0   	0   	1   	0.9752	1.62	230 	1	1.06	0.94;
	22  	1	81      23      0   	0   	1   	0.9963	-1.97	115 	1	1.06	0.94;
	23  	1	21      7       0   	0   	1   	1.0501	3.94	115 	1	1.06	0.94;
	24  	1	0       0       0   	0   	1   	1.0057	6.02	230     1	1.06	0.94;
	25  	1	45      12      0   	0   	1   	1.0234	1.44	115     1	1.06	0.94;
	26  	1	28      9       0   	0   	1   	0.9986	-1.73	115 	1	1.06	0.94;
	27  	1	69      13      0   	0   	1   	0.975	-4.9	115 	1	1.06	0.94;
	33  	1	55      6       0   	0   	1   	1.0244	-12.02	115 	1	1.06	0.94;
	34  	1	0       0       0       0    	1   	1.0414	-7.94	345 	1	1.06	0.94;
	35  	1	0       0       0       0    	1   	0.9757	-25.72	115 	1	1.06	0.94;
	36  	1	0       0       0       0   	1   	1.0011	-22.59	230 	1	1.06	0.94;
	37  	1	85      32      0   	0   	1   	1.0201	-11.23	115 	1	1.06	0.94;
	38  	1	155     18      0       0   	1   	1.0202	-12.56	115 	1	1.06	0.94;
	39  	1	0       0       0   	0   	1   	1.0535	-5.81	345 	1	1.06	0.94;
	40  	1	46      -21     0       0   	1   	1.0216	-12.78	115 	1	1.06	0.94;
	41  	1	86      0       0   	0    	1   	1.0292	-10.45	115 	1	1.06	0.94;
	42  	1	0       0       0       0   	1   	1.0448	-7.44	345 	1	1.06	0.94;
	43  	1	39      9       0   	0   	1       1.0006	-16.79	115     1	1.06	0.94;
	44      1	195     29      0   	0   	1   	1.0086	-17.47	115 	1	1.06	0.94;
	45  	1	0       0       0   	0   	1   	1.0215	-14.74	230 	1	1.06	0.94;
	46  	1	0       0       0   	0   	1   	1.0344	-11.75	345 	1	1.06	0.94;
	47  	1	58      11.8	0   	0   	1   	0.9777	-23.17	115 	1	1.06	0.94;
	48  	1	41      19      0   	0   	1   	1.0019	-16.09	115 	1	1.06	0.94;
	49  	1	92      26      0   	0   	1       1.0475	-2.95	115 	1	1.06	0.94;
	51  	1	-5      5       0   	0   	1       1.0253	-8.15	115 	1	1.06	0.94;
	52  	1	61      28      0   	0   	1   	0.9979	-11.86	115 	1	1.06	0.94;
	53  	1	69      3       0   	0   	1   	0.9959	-17.6	115 	1	1.06	0.94;
	54  	1	10      1       0   	0   	1   	1.005	-16.25	115 	1	1.06	0.94;
	55  	1	22      10      0   	0   	1   	1.015	-12.21	115 	1	1.06	0.94;
	57  	1	98      20      0   	0   	1   	1.0335	-8      115 	1	1.06	0.94;
	58  	1	14      1       0   	0   	1   	0.9918	-5.99	115 	1	1.06	0.94;
	59  	1	218     106     0   	0   	1   	0.9789	-5.29	115 	1	1.06	0.94;
	60  	1	0       0       0   	0   	1   	1.0246	-9.56	230 	1	1.06	0.94;
	61  	1	227     110     0   	0   	1   	0.9906	-3.47	115 	1	1.06	0.94;
	62  	1	0       0       0   	0   	1   	1.016	-1.1	230 	1	1.06	0.94;
	63  	2	70      30      0   	0   	1   	0.9583	-17.62	115 	1	1.06	0.94;
	64  	1	0       0       0   	0   	1   	0.948	-12.97	230 	1	1.06	0.94;
	69  	1	0       0       0   	0   	1   	0.963	-25.66	115 	1	1.06	0.94;
	70  	1	56      20      0   	0   	1   	0.9513	-35.16	115 	1	1.06	0.94;
	71  	1	116     38      0   	0    	1   	0.9793	-29.88	115 	1	1.06	0.94;
	72  	1	57      19      0       0    	1   	0.9696	-27.48	115 	1	1.06	0.94;
	73  	1	224     71      0       0   	1   	0.9775	-25.77	115 	1	1.06	0.94;
	74  	1	0       0       0   	0   	1   	0.9964	-22     230 	1	1.06	0.94;
	76      2	208     107     0       0   	1   	0.9632	-26.54	115 	1	1.06	0.94;
	77  	1	74      28      0   	0   	1   	0.9837	-24.94	115 	1	1.06	0.94;
	78   	1	0       0       0   	0   	1   	0.99	-24.05	115 	1	1.06	0.94;
	79   	1	48      14      0   	0   	1   	0.982	-24.97	115 	1	1.06	0.94;
	80  	1	28      7       0   	0   	1   	0.9872	-24.97	115 	1	1.06	0.94;
	81  	1	0       0       0   	0   	1   	1.034	-18.89	345 	1	1.06	0.94;
	84  	2	37      13      0   	0   	1   	1.025	-17.16	115 	1	1.06	0.94;
	85  	1	0       0       0   	0   	1   	0.9872	-17.68	230 	1	1.06	0.94;
	86  	1	0       0       0   	0   	1   	0.9909	-14.19	230 	1	1.06	0.94;
	87  	1	0       0       0   	0   	1   	0.9921	-7.77	230 	1	1.06	0.94;
	88  	1	0       0       0   	0   	1   	1.0151	-20.96	230 	1	1.06	0.94;
	89  	1	44.2	0       0   	0   	1   	1.0317	-11.13	115 	1	1.06	0.94;
	90  	1	66      0       0   	0   	1   	1.0272	-11.23	115 	1	1.06	0.94;
	91  	2	17.4	0       0   	0   	1   	1.052	-9.4	115 	1	1.06	0.94;
	92      2	15.8	0       0   	0   	1   	1.052	-6.2	115 	1	1.06	0.94;
	94  	1	60.3	0       0   	0   	1   	0.993	-9.42	115 	1	1.06	0.94;
	97  	1	39.9	0       0   	0   	1   	1.0183	-13.24	115 	1	1.06	0.94;
	98  	2	66.7	0       0   	0   	1   	1       -14.6	115 	1	1.06	0.94;
	99  	1	83.5	0       0   	0   	1   	0.9894	-20.27	115 	1	1.06	0.94;
	100 	1	0       0       0   	0   	1   	1.006	-14.45	115     1	1.06	0.94;
	102 	1	77.8	0       0   	0   	1   	1.0008	-15.23	115 	1	1.06	0.94;
	103 	1	32      0       0   	0   	1   	1.0288	-12.06	115 	1	1.06	0.94;
	104 	1	8.6     0       0   	0   	1   	0.9958	-17.33	115 	1	1.06	0.94;
	105 	1	49.6	0   	0   	0   	1   	1.0223	-12.94	115 	1	1.06	0.94;
	107     1	4.6     0       0   	0   	1   	1.0095	-16.03	115 	1	1.06	0.94;
	108 	2	112.1	0       0   	0   	1   	0.99	-20.26	115 	1	1.06	0.94;
	109 	1	30.7	0   	0   	0   	1   	0.9749	-26.06	115     1	1.06	0.94;
	110 	1	63      0   	0   	0   	1   	0.973	-24.72	115     1	1.06	0.94;
	112 	1	19.6	0   	0   	0   	1   	0.9725	-28.69	115     1	1.06	0.94;
	113 	1	26.2	0   	0   	0   	1   	0.97	-25.38	115 	1	1.06	0.94;
	114 	1	18.2	0   	0   	0   	1   	0.9747	-28.59	115 	1	1.06	0.94;
	115 	1	0       0       0   	0       1   	0.9603	-13.57	115 	2	1.06	0.94;
	116 	1	0       0       0   	0       1   	1.0249	-12.69	115 	2	1.06	0.94;
	117 	1	0       0       0   	325     1   	0.9348	-4.72	115 	2	1.06	0.94;
	118 	1	14.1	650     0   	0       1   	0.9298	-4.12	115 	2	1.06	0.94;
	119 	2	0       0       0   	0       1   	1.0435	5.17	115 	2	1.06	0.94;
	120 	1	777     215     0   	55      1   	0.9584	-8.77	115 	2	1.06	0.94;
	121 	1	535     55      0   	0       1   	0.9871	-12.64	115 	2	1.06	0.94;
	122 	1	229.1	11.8    0   	0       1   	0.9728	-14.36	115 	2	1.06	0.94;
	123 	1	78      1.4     0   	0       1   	1.0006	-17.64	115 	2	1.06	0.94;
